-0.3999856976217222 0.7686170523209197 0
-0.40458470445721356 0.6137034055871721 0
-0.6355127613770986 0.5308292057699256 0
-0.3356235107009329 0.5845476282563026 0
-0.018493095937263004 0.6832937766642685 0
-0.13353643063160486 0.7139882992923753 0
-0.19328360923400065 0.9011086633279838 0
-0.06107678118497423 0.7594978924718311 0
-0.2308362589369302 0.5278789956911405 0
-0.270745956885992 0.6623476421578756 0
-0.03995933513384792 0.22089509609487645 0
-0.1901652678559472 0.4920372601692681 0
-0.42637943026456226 0.43088547802579535 0
-0.5348326428565239 0.6381574598992307 0
-0.3708656708090884 0.4220222756101949 0
-0.6926538264354218 0.8853080055413024 0
-0.3306533600008775 0.568856226806759 0
-0.3558025063726958 0.9262679255136159 0
-0.5328185805520335 0.5675980740354096 0
-0.9229997692983624 0.23524576552787274 0
-0.7851583719693715 0.615140425797752 0
0.0047683472222163625 0.6129824307230135 0
0.004655000933327935 0.6454727264119108 0
-0.7746113056559247 0.5716473130484219 0
-0.11206902829275064 0.8317115545292908 0
-0.5151333921390759 0.5336387008740077 0
-0.4830328551967237 0.616948841084977 0
-0.6301515385209309 0.6302646867224948 0
-0.34189887629666205 0.7566377461760797 0
-0.4520073213763798 0.6449192604609267 0
-0.25795522548985655 0.5424426897994756 0
-0.25746407404455013 0.4640096912404714 0
-0.2942326859916089 0.4274512990257981 0
-0.20327843374998436 0.8082866925424621 0
0.10330804952595068 0.9678709984561813 0
-0.3877365941039452 0.452063859634632 0
-0.5666444308785921 0.8021693490783561 0
-0.09757607941761753 0.6563300312276409 0
-0.2593907648578523 1.205321124225431 0
-0.5735787219078483 0.5239204708831797 0
-0.286807084885503 0.4767974979326153 0
-0.17387658905564551 0.710510354625496 0
-0.4714076477724917 0.6376357592117289 0
-0.13179781317574277 0.9597149290410347 0
-0.048467318447904195 0.7976373986299081 0
-0.4865697352539074 0.4968727288735988 0
-0.3827470353591635 0.6051317299370755 0
-0.40692473034285936 0.2301944027161923 0
-0.23104750830211465 0.6336357085529251 0
-0.004131119150111329 0.7711614086108459 0
-0.6261961241766589 0.7599961619932731 0
-0.38896589293642025 0.5135747487996254 0
-0.20016488402820773 0.5029517931773134 0
-0.2405741850366838 0.7969290101368413 0
-0.7643391891705988 0.5774776286295884 0
-0.47513744067402397 0.6326660921473988 0
-0.6621556829834263 0.6196341497776666 0
0.08112327881127912 0.6579450051440958 0
-0.4625275987021986 0.6353927942489104 0
-0.44272870243771245 0.6527030920006407 0
-0.37868934635113843 0.7321252628694948 0
-0.31383881149599413 0.649959460830567 0
-0.35549481479278194 0.4817120472114848 0
-0.36494467875470077 0.39724009306126273 0
-0.11980550070410095 0.5856187460397371 0
-0.42714857072069984 0.5950255337349906 0
-0.5755646079702712 0.39876492566440286 0
-0.4559929636856642 0.802969477107682 0
-0.14746508806595537 0.9494623390210772 0
-0.34363877126110914 0.6263644539961903 0
-0.576220506862851 0.8339010054325197 0
-0.45631288789067476 0.15640879848068995 0
-0.2190466058093857 0.910101863748793 0
-0.6416610258972979 0.8755845767772787 0
-0.5038860069833543 0.5842629435739933 0
-0.47379614419977945 0.40560071048472257 0
-0.27378360171783317 0.8641000926970779 0
-0.5898930908986408 0.47134234955497456 0
-0.40179658306799987 0.5825909135786752 0
-0.16679510228610028 0.6184928768866036 0
-0.6508824160144651 0.26397832275476696 0
-0.30361106134629184 0.9255534053633796 0
-0.12537757349972298 0.4832563118430865 0
-0.47680481189312496 0.9481956540171264 0
-0.5516527321847058 0.6468021752159012 0
-0.4313977865043491 0.6753125873917449 0
-0.10186719013100431 0.6768839268477105 0
-0.5991243237305476 0.8409811047297732 0
-0.36280637149666783 0.6865429025925827 0
-0.29277941843325017 0.8256029278592791 0
-0.3747946187959243 0.5730777348401579 0
-0.9701244488923868 0.957915726450774 0
-0.6049937596227244 0.546216247997793 0
-0.42487699910422355 0.4674338582866969 0
-0.31337983772575995 0.6981765550359441 0
-0.5598661371560465 0.5721413250174642 0
-0.49869154815833977 0.7294346360561152 0
-0.08427283013486747 0.5227665892997548 0
-0.2997347319907124 0.802208456472617 0
-0.27507712518839933 0.6223270623228041 0
-0.2092127549730775 0.4746878957727435 0
-0.6610009509679797 0.7029034346245644 0
-0.3080766333418115 0.671674244857898 0
-0.40103034719498076 0.7383337495605131 0
-0.3112443641082973 0.4935647092170995 0
-0.4699719735959662 0.5347078003683232 0
-0.2803752747743582 0.47060187132413345 0
-0.5360279362654439 0.5381570612795096 0
-0.7617675035630538 0.5735060622175936 0
-0.5625471291336644 0.5591272080447548 0
-0.49424192206149153 0.5539752703678056 0
-0.5113679799828523 0.7832228742800501 0
-0.4063120784459238 0.5605082400707013 0
-0.3915432240895295 0.8386386647950879 0
-0.6569799156841014 0.4463748984552679 0
-0.09946906895799806 0.7400775767866388 0
-0.2397854794675905 0.8851275583458795 0
-0.4849305996176989 0.6101363179513597 0
-0.2957775318763754 0.5875752112711715 0
-0.35569456419998613 0.8813504050721294 0
-0.06567691206411141 0.3567869857230551 0
-0.24513527847177352 0.6762677195234426 0
0.024082667184453066 0.5524808783753028 0
-0.17577425819061096 0.5654119162632059 0
-0.4579209030929151 0.33248425276970467 0
0.05634346975141191 0.5726758309739136 0
-0.28173609725585114 0.4082840392226374 0
-0.48547959163006027 0.3774201819005714 0
-0.5384628312939979 0.9798601887020086 0
-0.26257671758832785 0.7766642631271675 0
-0.0307273553314652 0.7155440069552944 0
-0.17590825857329553 0.8572587008569279 0
-0.5445885773878703 0.34495003166145033 0
-0.16548272713705864 0.5141633317125225 0
-0.5223850013920227 0.7198199820503792 0
-0.11386065984647797 0.7791993956847991 0
0.19439947186711415 0.5492644164517988 0
-0.305774770736256 0.7902953027091646 0
-0.21335360034649772 0.4818011594056403 0
-0.3457207003362163 0.7946721403916848 0
-0.4057190012444027 0.527086675227594 0
-0.14327233562422376 0.38799823368324354 0
-0.7064702821585791 0.6876777067642317 0
-0.7072284347262319 0.875232884444366 0
-0.2780618124933837 0.6252859646949522 0
-0.25120970492107847 0.5223190110174577 0
-0.8887422020063022 0.8148233193401209 0
0.026032797676234953 0.35072488409902763 0
-0.29201174333209756 0.809914082793947 0
-0.1907247069778948 0.08205071672403363 0
-0.24706474239719328 0.7233147759161234 0
-0.30673085100927067 0.901004554529932 0
-0.05860479600461527 0.6540380872274386 0
-0.14486078640090713 0.6851641938578144 0
-0.29345399889413715 0.8902129293812789 0
-0.33161260817370086 0.9546596291897671 0
-0.5087220418582358 0.735290615069586 0
0.24415190923967756 0.3960563707887005 0
-0.08593658595542825 0.30854134214780893 0
-0.3999134390984115 0.5987360663559553 0
-0.0013510865789401194 0.08154249568846739 0
-0.5791314379819427 0.9115097856973655 0
-0.3147654176510312 0.6439737184741943 0
-0.8201209540480037 0.5872738523005439 0
-0.1953560669794286 1.0095604746895923 0
-0.26695540235247633 0.705327899364966 0
-0.06965750349856697 0.6107161331232382 0
0.9208504052993265 0.16569295953598875 1
1.166698691806028 -0.10833266182542367 1
0.7710662437718305 -0.6059372473500146 1
0.6149709778864305 -0.25405356695985193 1
0.9007687929734017 -0.20502730850977077 1
0.8076869542505404 -0.026181949988131697 1
1.1108950642263202 0.30534002281515676 1
0.6240222908876558 -0.022792021898027863 1
1.0371384574315197 -0.05607596270280612 1
0.8631682488722996 -0.2771156001077948 1
0.6444315470452814 0.11704623205408571 1
0.8396286036524214 -0.27958815363502787 1
1.0367490352586617 0.2185478656361804 1
0.8804275025622214 0.20093335045577027 1
0.7036250061633388 0.08085096656631238 1
0.9359915368962903 0.179856453681146 1
0.7057697455021869 -0.029863399670036855 1
0.8001264111951631 -0.21422183756281588 1
0.6316662974826108 -0.20695423936254229 1
0.9084970936827403 0.5279152005673515 1
0.5979125700583467 -0.5646708713303848 1
0.8791982230438061 -0.08474494773810838 1
0.89639762583053 -0.22447451879451497 1
0.8500211842732801 0.03694806839556741 1
0.7243754320787448 0.11724983964198948 1
0.7819659906096215 -0.015938646466809855 1
0.4590048396287891 0.08587088865808237 1
1.0302319190368303 -0.05710490713916828 1
1.0193982164953574 0.18579785857142728 1
0.8128592968084911 -0.1548420838239961 1
1.0264585200271612 -0.129850316571275 1
0.8602992111438773 0.11236161918472798 1
0.860747620609407 -0.15952576580894567 1
1.0910719475167032 0.16507087299451606 1
0.8957353523704689 -0.2464193480457788 1
0.9894557729147675 -0.04013014018034902 1
0.9845303115119799 -0.03166275858294273 1
0.40145515335886595 0.10478386940571521 1
1.030547385157695 -0.2219935921523282 1
0.8300590556542078 -0.24221299671647795 1
0.9049418698242186 0.024863776601014104 1
1.204896085224476 0.1030659253888084 1
0.8180576502244512 -0.2728415694607119 1
0.9549738705803087 0.1319337052595263 1
0.3924932576278681 -0.37323244170023856 1
0.5065596051173771 -0.1442297172906173 1
1.0584228627170649 -0.00474413045315511 1
0.911668241309611 -0.05361583439802943 1
0.4885179141599553 -0.005537076569191918 1
1.1718195679678425 0.05111713965771836 1
0.7448251678321476 0.1640151315069056 1
0.9243465488466339 -0.02486922763440917 1
0.5822772595259926 0.26802763682927894 1
0.9488641021255583 -0.3689730896497995 1
0.6869867605509944 0.007478477533163205 1
1.1993389974718607 -0.20199962645156003 1
0.9085484763780829 -0.11066623494169983 1
0.736453081839079 -0.2634027595961286 1
0.7307481607074068 -0.07720557532221424 1
0.6839444173119323 0.021208782537611645 1
0.897399956228339 -0.06973211132443631 1
0.9180410961529788 0.20297795528470375 1
0.9945050165999434 -0.0389769777952681 1
0.6297104159804439 0.33902356978710113 1
1.365566810399421 0.25787397334531326 1
0.8524748539772415 0.25242171197648244 1
0.5745742967904042 -0.02496538926369566 1
1.3018487913492456 0.056365406404113944 1
0.7711842299096364 -0.06615936757502935 1
0.7567241350220452 0.2695424499625227 1
0.9534458952320571 0.22011088642603654 1
1.0329997887555755 0.11230071787757528 1
0.8975542569284286 -0.04375669356856784 1
0.5260383575267242 0.31288641167378484 1
0.9605228987855685 -0.09548084302631124 1
1.2238184000849943 0.16199968805796044 1
1.212521322016761 0.18675613647518327 1
0.7938795297004745 -0.007150899567350752 1
0.977223863992514 -0.34460811188375173 1
1.225350880110441 -0.08521117658602591 1
0.7738122527710036 -0.11102170851392082 1
0.9156262339901613 -0.05752284537882327 1
0.7253784059720426 -0.06503268380333696 1
0.8269899337366929 0.059618365691060826 1
0.8416168329667997 -0.18226916746402944 1
0.6419280221174376 0.47463201995510496 1
0.537172532436472 -0.1762583099857546 1
0.9078811738801917 -0.34384517677739784 1
0.864811212460894 0.3023518705187379 1
0.7322738695797076 -0.25008286215191977 1
0.8210785478292563 -0.24981459669129422 1
1.1243199402193926 -0.08667096011117072 1
0.9353385257372872 -0.3579648086466096 1
0.9368217439034687 -0.14729425442947158 1
0.9946937047790021 -0.20669895410969993 1
0.811189166158359 -0.052459783971987896 1
0.9726119899388448 0.28455866037005206 1
0.8531722568649514 0.006558857597628129 1
0.761784973834845 0.11244999484149576 1
0.733771833699547 0.052442399263851996 1
0.9325524148456769 -0.07826682943571259 1
0.7937559945614215 0.00871910769341007 1
0.9079212957199705 -0.033546746248526035 1
0.5148984888376773 0.01751224154395299 1
0.8316039618297489 0.06437545341145995 1
0.9887259566999795 -0.02279972923197908 1
0.9319874137041348 0.0941370410487701 1
0.7491553218976019 -0.15861102459050824 1
0.7065875485811544 0.03978189660750875 1
0.9828861551688438 -0.42802279138974153 1
0.8980703235188074 0.17390519392570286 1
1.1897363352216739 -0.20710115779925029 1
1.1073260546027002 -0.0336254536929238 1
1.057915365421906 0.1623468382521013 1
1.2332057031014547 -0.05701764342847791 1
1.0856185745208935 0.050910995766906594 1
1.0875344579807809 -0.0534958244947666 1
1.0372701025962645 -0.08551868539230624 1
0.9294246825858494 -0.15651205895004505 1
1.020970685784416 -0.1464871917805351 1
1.001588658751336 -0.34437271772272643 1
1.1183454726530337 -0.3625924604427549 1
0.9896445477421123 0.006591778617839633 1
0.9360301336360615 -0.08667864253495805 1
0.8490497073824633 -0.441843225678451 1
0.9585877536668983 0.3523015744860579 1
0.644841711704022 -0.03672283744874972 1
1.1774046122964446 -0.02482931578337169 1
0.7439177612589171 -0.3233064841449949 1
0.7457343277150357 -0.11242984597410223 1
0.9490776320924156 0.18519461344653934 1
1.0276162970249447 0.10068643669591157 1
0.8617027380200242 -0.0028526382109869547 1
0.7433281630797963 -0.18627008325709263 1
0.9171737221702058 -0.1326420140372953 1
0.7754180572325498 0.07753623891336048 1
0.8060883730404107 -0.15060421392056633 1
0.8929447069605669 -0.3141338016736558 1
0.9303122545354472 -0.1254658972030072 1
0.9792960836196919 0.14937681135992606 1
1.1058280423079643 0.06640760923929132 1
1.0118536727757108 0.2071454359881701 1
0.8066699816485401 0.1004147276801699 1
1.1226133511211909 -0.37058223214759933 1
0.5840156467473296 -0.06629359318857586 1
0.7770154579409961 -0.06720908041026943 1
1.0821825736543802 0.08825719786987513 1
0.5894784646533289 -0.2092948919156848 1
0.5801089950394207 -0.07405823348313494 1
0.7929556281507912 -0.27621383969579505 1
0.6176447057272254 0.24144247449494177 1
1.3079574881394358 -0.5433517322074749 1
0.5670254854756112 -0.15106732920331067 1
1.131217319592112 -0.006137899321889961 1
1.0238803785405146 -0.281412387933728 1
0.7749174477603944 -0.09539598734464387 1
0.684499639508037 -0.2915588763918203 1
1.0829398630445652 0.01633187039207311 1
1.0272949486301632 -0.19856815497068478 1
1.0800103207711476 -0.30120691403313005 1
0.9454917696966874 -0.21753426879612447 1
0.9172541869620761 -0.09630970160014664 1
0.8085084613117468 0.048230917244696886 1
0.893712533427622 -0.3555842636618988 1
1.1685416696616173 0.03945458897351671 1
0.7656327561037982 -0.23414901644464636 1
0.9607161731604564 -0.0939325195152948 1
0.5277205937957913 0.37836052130138337 2
0.5495840064038581 0.5395839949554435 2
0.7731101668351252 0.4334125863418685 2
0.3740030760069084 0.2386031003350042 2
0.5228773741536339 0.5740898438846889 2
0.31536415947856633 0.8306166598398745 2
0.5502295384615128 0.15497012043808195 2
0.39754342350666744 0.3403123712235012 2
0.3217666072913188 0.6217484420207571 2
0.2935839209828145 0.6123488913993391 2
0.5152887175553532 0.45310806109828217 2
0.4887133469530354 0.6896340262828942 2
0.5920850818833179 0.30710553395262075 2
0.13721502836718852 0.25208403998084256 2
0.49406572382492747 0.2582930565744121 2
0.6144974874590923 0.5527083923127318 2
0.6665625027068551 0.5372454460086398 2
0.41719208023632887 0.6890531904419641 2
0.16416627806764317 0.5251104585804169 2
0.16690784781130497 0.367258422528716 2
0.8926843885442839 0.8548762030535522 2
0.48660468157065306 0.5738104042317766 2
0.36213590443982857 0.6995364662665 2
0.7475164199304224 0.3191107943567887 2
0.807543953829625 0.7125472220677344 2
0.28715659422540374 0.3892128973717477 2
0.17874923154691236 0.6249281348901533 2
0.6207893640550032 0.5665163551016478 2
0.6800463602417541 0.6176254509012749 2
0.5283266388758151 0.4739358985807387 2
0.42645176025414644 0.44396553897173874 2
0.8217231039571694 0.26383792399796635 2
0.6757747292914983 0.6668737305296817 2
-0.09312379407094029 0.7648821521375002 2
0.7204564223326615 0.581114409222915 2
0.530970738578111 0.895541010719398 2
0.5168721899804656 0.2841723454111832 2
0.4824067976311011 0.6759622300204955 2
0.696398596837314 0.21166163314887632 2
0.14411900136736328 0.7723982466535559 2
0.4343900136678274 0.6191764196187686 2
0.4162497848681645 0.48997673931435676 2
0.7429292300740054 0.32917715751956883 2
0.7302473572167502 0.5736909327137962 2
0.7266984993723236 0.4092540147254884 2
0.485407296856672 0.6384582960703983 2
0.5931495708243376 0.6244334878197331 2
0.37816114467837775 0.46044316938078056 2
0.14051746379733937 0.3297712248647403 2
0.6956249332307992 0.937200415156896 2
0.6269546770465858 0.3030367791221483 2
0.5599498069407178 0.44744932576964913 2
0.41262546765980196 0.2978463054590921 2
0.49486374076889855 0.18253739077440229 2
0.5083267711284943 0.3668063062868382 2
0.6552343746732396 0.533486087029395 2
0.673701907432811 0.5282393946203209 2
0.6700334209902123 0.4081829279176186 2
0.43183179146897094 0.24688910699752892 2
0.24464790025234484 0.5521468410259815 2
0.5718800380562457 0.5331925567213843 2
0.8072044280614692 0.3097349237879484 2
0.518243111995588 0.4756411735745806 2
0.44032860002237495 0.3448337344526752 2
0.49400982279334305 0.47965228016103545 2
0.4822738342306313 0.8092682928717247 2
0.7133435231714784 0.6783748463253726 2
0.8019341772479227 0.18057305815879876 2
0.17685989312719602 0.5496822114176749 2
0.6522857538840596 0.6779365910610515 2
0.5555412136872654 0.6187984908820429 2
0.635378958322984 0.7167509830640296 2
0.1450491383736769 0.5712691773722786 2
0.4627774581674384 0.5253794278675342 2
0.3377707243327955 0.6636444576769038 2
0.7562037197565585 0.30345766024514254 2
0.6979836196903213 0.6762887199509069 2
0.699464103932894 0.8439321186560874 2
0.32080301725995014 0.6935889623850231 2
0.41857522892969157 0.7977270517503676 2
0.18680316642141553 0.6224966727725545 2
0.7168532213748215 0.5417036623795121 2
0.7093285070564728 0.4483991671424673 2
0.49511804264846665 0.5875989224027318 2
0.26405649457402014 0.228382320305119 2
0.21621550006459606 0.43278774537634895 2
0.3655981549947026 0.6984093387039696 2
0.17220225334850453 0.4714029726404665 2
0.4388628543576375 0.6000842074078516 2
0.5929092720893088 0.5092969829300772 2
0.12153507876311981 0.5462649151366449 2
0.5170024548450877 0.8219452755925492 2
0.3132061030530455 0.49335409242656525 2
0.35845370835600876 0.6266236520976467 2
0.5028564838639175 0.43162785143527627 2
0.34498953375557795 0.43334789425217835 2
0.4584042930033961 0.37292113225116 2
0.3177740694796621 0.36146878153798095 2
0.8239747161686053 0.2885516347257405 2
0.4989166635761059 0.5859803789059372 2
0.6290016701650758 0.6328481180260184 2
0.3586911011774282 0.37275613146375863 2
0.599453227559284 0.3818436805529527 2
0.33192062467715305 0.535994406954726 2
0.6129417294247228 0.25356340919779996 2
0.7480943963109425 0.3744929888050567 2
0.5115876943080548 0.3054759908014818 2
0.09288213991731359 0.7763530327749639 2
0.21461351641666254 0.3561953998113019 2
0.749040130880687 0.433084278252722 2
0.7409792076593303 0.7620041325217708 2
0.6638776321007499 0.7851241752564762 2
0.40173878166306226 0.3728185907045227 2
0.6389225045943127 0.7004794421425153 2
0.3490801264948873 0.3305631544583901 2
0.638844128553685 0.1665698808059115 2
0.5182380765817002 0.46730353513407114 2
0.4592678574685976 0.44653437304524 2
0.522706845282116 0.6820096477320743 2
0.42482423648364426 0.16516878491411696 2
0.5438081800551235 0.809004593914461 2
0.8549176631121592 0.3089843720683457 2
0.3423756749356537 1.1946657969494932 2
0.3388844695777369 0.4907965761523907 2
0.5727175422563995 0.2601356229244531 2
0.293056804495768 1.1559291608293538 2
0.7040153270811624 0.5420234416880304 2
0.6777858657257148 0.2707401022976798 2
0.4850753465325476 0.7335279836831037 2
0.6148106268378397 0.37668088427999014 2
0.3425351003224104 0.5422927036729258 2
0.7210354769906268 0.632203883778459 2
0.5243909226623072 0.804489056807808 2
0.4966349850193913 0.784766328666129 2
0.8357428479448257 0.6149971906597137 2
0.2165639004757718 0.5313417128541034 2
0.9485273748775918 0.5504494204990518 2
0.3803304743890833 0.5272647657887409 2
0.5033997161768485 0.5919568579594774 2
0.3890090960135643 0.7289392970171664 2
0.3125932938630761 0.41082664167811267 2
0.6303155848162365 0.368729323010854 2
0.38293995601446 0.41297920946581124 2
0.5944355043221321 0.7266480091461737 2
0.36883078600528635 0.1427661150858342 2
0.481370224690235 0.5589448387099039 2
0.3437463899506177 0.49015850873026573 2
0.4050465629408531 0.8271773851787197 2
0.4965095008353802 0.2803725779138403 2
0.614468764446328 0.5171300789743324 2
0.13979603380915034 0.6124959346492777 2
0.5694803093516612 0.49410771005951154 2
0.6509364836180401 0.9081185016836579 2
0.5849532423016012 0.35914734679960436 2
0.23344684363346918 0.5373080946963928 2
0.26014016838783993 0.6087543774690697 2
0.831348828937299 0.591331589464412 2
0.723027582399641 0.9005752439473047 2
0.37542303017798545 0.541017711305474 2
0.2586101472804391 0.7620273705225327 2
0.48644472147393336 0.3248536379261415 2
0.4282787740814811 0.4296360604153772 2
0.6283601518286478 0.5850371579598116 2
0.6490531757609755 0.5827479396287218 2
0.6928916111881358 0.5690972792301496 2
0.7119289681559504 0.4287963129540926 2
