0.6618988091149458 -0.6125175553246406 0
0.3735008205767909 0.9683445718691968 0
0.479325720454643 0.28311813006380643 1
-0.243773825110649 0.38794553695428835 1
-0.49178870698728677 0.09559476019586104 1
0.7732324606494454 -0.5579731319868223 0
0.44683472675556024 0.39258755774058157 1
-0.28611382179453926 -0.9498478349137838 0
0.4069063637537098 0.050335810755517796 1
-0.5535566122514533 0.046554682050158856 1
0.5325979189396477 -0.8247399699393795 0
-0.468924498677599 0.24321739774952586 1
0.9253931299309429 -0.19212614063512842 0
-0.9090793185278503 0.49719471572582924 0
0.3959003344281144 -0.268617339303593 1
-0.35593717802771985 0.45899774292819084 1
0.3996920546734541 0.9055513239618882 0
-0.2724395920401296 0.8996719828440567 0
-0.07604192330721456 -0.5330116464709216 1
0.0342237485133443 -0.42540832450698507 1
-0.5518532363153158 -0.8258008840150163 0
-0.8362230814219023 -0.5942199982824024 0
-0.39075058448810907 -0.7764049246995566 0
0.43145621938548406 -0.28151455714113394 1
-0.1100615477649082 -0.5061669242919963 1
-0.5525416132225451 -0.21748844991101848 1
-0.4185239031861274 -0.16148050061452357 1
-0.3987604474174373 -0.31978186369544603 1
-0.5145037591053894 0.17337143199974378 1
-0.048286402057064096 -0.4735522107320355 1
-0.29036419388552215 -0.3367500945686509 1
-0.506379585989966 0.846660586606754 0
0.7680883535815495 0.5665098973919662 0
0.45457913150010243 -0.28586391155842406 1
-0.04904617669534729 1.026613584251703 0
-0.477199154958703 0.07146784480737717 1
0.04726604742602164 0.5856690329126365 1
-0.9396759180680169 -0.16582308733904996 0
-0.9361372879912315 0.26948469906352984 0
-0.32847454041726 -0.382386314512755 1
-0.6416333171715629 0.7743547918124041 0
-0.11973816446984609 -0.9708292239039205 0
-0.49555415748068843 0.012745058110675393 1
-0.5026770138764164 0.8808766824937748 0
0.44218756805947734 -0.16984837970904862 1
-0.5244155063856097 -0.958210435771683 0
-1.0062224754832618 0.25829799405457854 0
0.4306761573392075 0.17497762923023297 1
0.15332156783336306 0.39046146212103233 1
0.12540406111414015 0.9792570961884483 0
0.9067177786924195 0.3311388364326432 0
0.6525303066621989 0.7877753196812584 0
0.055888851266800856 -0.5742501844003648 1
0.9990209756829024 0.08363033136122977 0
0.3863180239912223 -0.9720050109471988 0
-0.38545521649257086 -0.19940978120524616 1
0.20940793453249223 -0.3517039295967163 1
0.8533487469056572 -0.3365403060876292 0
0.29265846839697723 -0.27714432366482733 1
-0.9528958047333594 -0.4316787332757092 0
0.9101098861778253 -0.032017276251129545 0
0.03248184053585264 1.0102006690925818 0
0.873957874931112 -0.4610845476338197 0
0.2592133366840801 0.9998470789593679 0
-0.6488927136943753 -0.6504739045741439 0
0.20049940948095774 0.3556020813127545 1
0.42646680315046603 0.23713109632442614 1
0.24053932432421815 -0.545845943372828 1
0.44090522843398927 -0.1205555319795856 1
-0.2566174314951176 1.0597706414157881 0
-0.8345495673106117 0.489182913559877 0
-0.905935523897863 -0.3090931316965997 0
-1.1441796920926854 0.025799489024057765 0
0.3813054363627953 0.37656850270063535 1
0.2087850388629236 -1.0250583481155653 0
-0.6958318657129225 -0.6885952436952083 0
0.7843894845134088 -0.5923786069927738 0
0.5210511398403721 -0.09950232028707055 1
-0.5758760647933403 -0.23051462999092498 1
-0.40451777677554257 -0.23401270763027976 1
-0.5161689922669992 -0.07749094910632072 1
-0.9323865873144902 -0.41231772799886734 0
0.9622379025238569 0.24054418558351176 0
-0.0242821482362692 -1.053622937838401 0
0.5136324154732197 -0.28784082970820934 1
0.06588790396403751 0.9814886876276182 0
0.33242808487632486 -0.37899063365921615 1
-1.059573499870349 -0.024126658476836024 0
0.8944401319151469 0.4630493036900754 0
-0.3224828928346949 0.3904271129731829 1
-0.4915051698279912 0.1095355327930532 1
-0.16541653038677134 -0.9511129332229824 0
0.3804154631642559 -0.221302570208966 1
0.38935862611941674 -0.3142263752428377 1
0.7753824516353176 -0.5875329971581005 0
0.8235745750703044 -0.39799920301663744 0
0.9809878497669343 0.051806803602593876 0
0.6721915796650378 -0.7864640628463138 0
0.8588964339782604 0.5278885585446703 0
0.34239319580067973 -0.9281314505627861 0
-0.1626016507866626 0.43145470725177754 1
0.4276806798523995 0.290942196130413 1
0.4041713210076924 0.3332998480382064 1
-0.8615713122989419 0.70953451440879 0
0.40806452904265894 -0.9449939760547837 0
-0.38366799996652395 0.9790069915372132 0
-0.3242298863166204 0.3102051260603767 1
0.43527490213147635 0.0034090098374588013 1
0.9352870052647297 0.23014831125981539 0
0.656053156836598 0.7366882143061526 0
0.5927807092303266 -0.7487799578907265 0
0.969850632656279 0.1578489579058666 0
-0.561040879056292 -0.07545263083160962 1
-0.7432366432209907 -0.6448887254017021 0
0.41606595573961863 0.28064846141788197 1
1.0143816098770368 -0.3730964172311399 0
0.5165490899225543 -0.24028733502322483 1
0.4615979696911642 0.3271190360374134 1
0.4801730438452455 0.1299858273942337 1
0.45540760121415463 0.9303633229518246 0
-0.6526164040928593 -0.8078351436852389 0
-0.4494929851987376 -0.08510290122787789 1
0.005848567811470959 0.9079998867940976 0
-0.24768307875532738 0.37730236493111824 1
-0.39883393691196595 -0.10552572938786328 1
-0.5006806931596208 0.09918174298185062 1
1.0098230628595706 -0.11337632622629767 0
-0.004509294823192788 0.528183069939046 1
0.7811189901264616 0.574822759843724 0
0.27314376781204497 0.3492579940267013 1
0.029514039947466066 0.4973388387981751 1
0.8614362618702948 -0.45187444109583785 0
0.18993864573409575 0.5760388400390923 1
-0.4597627472385556 -0.38366792980068765 1
-0.30487635199157115 -0.47024704029733605 1
-0.25303686654247604 -0.4463316950851334 1
0.08512614704317321 0.45717590617960996 1
-0.7608401907086411 0.6038228727512259 0
0.9559640161640054 -0.2970753263426631 0
0.791692848643472 0.7522648068924338 0
0.38948799868829137 -0.30189012936757487 1
-0.3919946462232163 0.26802177573027763 1
-0.9408407874765911 -0.284109761901413 0
-0.17402768749418346 0.4075386020607806 1
0.024117444118966814 -1.0257237509163972 0
-0.7371770618210842 0.6591507978510465 0
-0.3530428315143612 0.3521509921536566 1
0.4783632698346002 -0.9877200245588494 0
0.07656856409707463 -0.5062035363104456 1
0.3280758728631321 0.45327559150542995 1
-0.34747002304551866 0.3755661558156401 1
-0.1592122150716461 -0.5196267650394982 1
-0.30810625718241597 -0.41397143838808087 1
0.08822702289843616 0.38182301271233104 1
0.3582325626888355 -0.32995737834868266 1
0.4207560527132555 0.08549931041180689 1
-0.29031734762977013 -0.962940945321647 0
-0.7822464799257486 0.6930556072100569 0
-0.953219085967817 -0.01324221192698917 0
0.26549202457676896 -0.9954746664512225 0
0.3948188369998808 -0.07195355006199648 1
0.3605319682285938 -0.3593295434443604 1
-0.5711244640856764 -0.794503132920468 0
0.9378426888361886 -0.01803830195297914 0
-0.015192279799835267 -0.6059201519814597 1
0.26278971500922194 -0.3507448500803601 1
0.3066343922188157 -0.43238069301373044 1
0.18919774561104458 -0.4346447330704045 1
0.5277352832822441 -0.1012043530749188 1
-0.46132521241493535 0.1702887433062119 1
-0.20528918695719106 -0.9008598079494685 0
0.27031330531653713 -0.39096621364928885 1
-0.11554859588526863 -0.49580406932323307 1
-0.39333272740439656 -0.34700161778253297 1
-0.888939446062837 0.6248620282958033 0
-0.25040020286167075 -0.9072875363402174 0
0.41235970014566714 -0.20947878955739035 1
0.4079577885714453 -0.24366508881532317 1
-0.7814495961545924 -0.5553325770503148 0
0.9823841951298701 -0.21699386955089506 0
-0.6638302658472508 -0.8451877199506751 0
-0.14403236754264212 -0.5515403429447593 1
-0.5132512134231348 0.09067906736630907 1
0.5658250821824387 0.9159460382019817 0
-0.229513604414745 -0.4332009350756125 1
0.6706458059228124 -0.6989458996151799 0
-0.5090510601626042 -0.10997583897046985 1
-0.15628351291397874 0.9463424407860216 0
-0.9783101435448592 -0.2425064572412034 0
0.024748276626404112 0.5056175038630286 1
-0.10368169615589544 0.5332590617192913 1
0.7136600469182031 -0.7940539031813207 0
-0.445244138401007 0.2541662223797737 1
0.1654470306849452 -0.3527416653487583 1
0.6562000863045578 0.669559405234792 0
0.09842773923266032 -1.0609465726502174 0
0.384497880269273 0.22745316909618576 1
0.9962650798902299 -0.050872680468002696 0
-0.16155619057335113 0.4091801212238943 1
-0.4323804809462024 -0.12498126559610125 1
-0.5880553848721501 0.7656685897373477 0
0.3420565286996344 0.39271004151103167 1
-0.11973581393455907 -1.0781989972306176 0
-0.16999774624431516 1.0417268422911221 0
0.9980757929221568 0.021330167000579457 0
-0.9617813406581328 0.40968011316542496 0
-1.1280932176955176 0.08797024906706269 0
-0.8917660365844714 0.5324788611212955 0
0.9670511500144072 -0.2766153383325873 0
0.06935160809351056 -0.4952071985977099 1
-0.7691880163377156 -0.6403168712938148 0
0.2971346837011769 0.3972561112316657 1
-0.5090732782423826 0.11555179254452189 1
-0.09339295642692619 -0.4754575219035462 1
-0.9268557057929683 0.15618112820847546 0
0.21848169833794992 0.8947937799058263 0
-0.06739646155180788 1.0238816124702799 0
0.17156489405891112 0.9525515278856455 0
0.47050448620029794 0.8885229889641268 0
-0.8275807305342675 0.5306854043045546 0
0.5421427745934176 -0.9312714493674354 0
0.03764245648020817 -0.9977344915270314 0
-0.3581456946887967 -0.33391333223741104 1
0.6173242271497008 0.7636132695466588 0
0.44259664358922013 0.21950315720724595 1
0.2007043096586742 -0.4835429004864089 1
0.2671367563385406 -0.9134115269983333 0
-0.210279183125179 -0.4152015082971917 1
0.3775737522118905 0.8358378064393046 0
0.08286821801231622 -0.4969769172226614 1
0.0658097293606843 1.1393737340021912 0
0.8611126492386306 0.43649909751758936 0
0.24562867500702262 0.9879493465913967 0
0.4092337638812444 0.2604897532986983 1
-0.8748072203788084 -0.4896600757928293 0
-0.40567136719498487 -0.9095121043172175 0
-0.5682112523370136 -0.7333471104166819 0
-0.4857948746892057 0.9315106963810115 0
-0.9336472116725241 0.3045456132078477 0
-0.8732438481839595 -0.4917035831854172 0
0.9252900131345758 0.3422848590338465 0
-0.4638318292848207 -0.09319213246295074 1
0.08167812935112191 -0.9350355842230142 0
0.7130651729049574 -0.6364443331613213 0
-0.996379492976777 0.17026291739008106 0
-0.14418118876005853 -0.5127158975352302 1
-1.0080159200875063 -0.06107807646563226 0
0.42969457855146287 -0.12037860660106932 1
-1.0243034393039312 0.11361089600549776 0
-0.1112823830719877 0.4779471547416711 1
-0.09742498740127747 -0.9625896812190856 0
-0.9084398559387862 0.38482578584679566 0
-0.23675471360739422 -0.4027881706748765 1
-0.5643101311281367 0.0780372049268033 1
0.8657441617509534 0.4064690154320238 0
0.31535337549792647 0.45629470974782965 1
0.654510866756954 0.8013991995059669 0
0.2599588129939786 0.4327680300357823 1
-1.0143919559341588 -0.154420795338384 0
-0.029580295158405247 0.5028523826271263 1
0.490419150508857 -0.08657046081883468 1
-0.45890694463777376 0.2663995905976307 1
0.21333918318926984 -1.0795051652537457 0
0.5166042649066587 -0.03136849925128574 1
-0.3543377216873655 0.3063009504026659 1
-0.43515501314075056 0.8476057662798602 0
-0.27258504462060373 0.4053538639403609 1
-0.9231136181278499 -0.4848593742890873 0
0.09760638191967261 0.4747212141404196 1
0.8332506664535635 -0.6156860052820793 0
0.8419322378252649 0.5946004150410075 0
-0.47561191934379976 0.20753014171786294 1
-0.6290306679830021 0.7859502838061926 0
-0.4477667778076396 -0.3209894756977316 1
-0.2346528795271455 0.41991523726722896 1
0.006025287955921402 -0.4839857300408035 1
-0.013524145662637724 0.4702406260968481 1
-0.17568203997404352 -0.4885463253592318 1
0.4718781014131922 0.009649588242193335 1
0.730281129723025 -0.6671501905747834 0
1.1117838423884665 0.1456153935039793 0
0.2566496484798931 0.466986515355558 1
-0.3264782453316848 0.3882113557989351 1
0.3989159246019326 0.1259505893656993 1
0.6311005495972554 0.7507300830988388 0
0.5843289962881599 0.1102107391149118 1
-0.2020256581294977 -0.49235101055144326 1
-0.18302080286748415 0.4655947149912909 1
-0.24449108371938116 -0.47020184559546285 1
-0.9274010969327635 -0.24153147441249442 0
-0.36373280111779777 -0.9538894682447053 0
-0.43969861491074413 0.9241839501077967 0
-0.04619818897293003 0.5525406656775355 1
-0.4619531578016141 0.9300665501399652 0
-0.28231348912281007 0.9998408375430355 0
0.18539656323385026 0.4056777565556998 1
-0.058846693983695665 0.4313437452918841 1
0.5052184367801932 -0.10602190059057648 1
-0.4293425006956888 -0.27995920623334747 1
-0.16190342667050198 0.468210179868677 1
