0.13289937766012097 0.9950921164549049 0
0.08464032856567624 0.45322062574543076 1
1.8000009107270436 -0.08999888148773517 1
-0.3067390227315114 1.0362573063036236 0
-0.8030526827695937 0.5105087538277217 0
1.003066774751698 0.07606105407946422 0
0.05266796380732667 0.061854844064982706 1
1.5471787106825599 -0.22592878864400107 1
-0.6051026237468945 0.810377052132721 0
0.6675118189176552 0.6493410616071902 0
0.13353895516005926 0.004697821147353344 1
0.888526238947135 -0.4951707365871192 1
0.8720125670590312 0.3376980914993324 0
0.9329882172270321 -0.5372161532934565 1
-0.6607839814994202 0.712565659521142 0
-0.48569435145161355 0.836762427878794 0
0.5220279690655885 -0.43828673041994926 1
1.9208813241258962 0.13543043571878227 1
0.008698301694460474 0.26217072078885184 1
0.4904834376986505 0.9009318936616246 0
-0.017107689958834826 0.591499024532262 1
0.48778967461924433 -0.356669918167922 1
0.09239972201619037 -0.03443246086736765 1
-0.809629904047189 0.28387441015717896 0
0.8069701902896259 0.6456774347618577 0
0.9738403251880384 0.38355437493421085 0
-0.8841472165187777 0.44522755011411286 0
0.07751641025299419 0.3272486215828739 1
-0.26561527482744274 1.0492058250757972 0
1.7383308993453497 -0.03568775164554206 1
0.6005361316774372 -0.3544316078326834 1
0.5285637295963326 -0.3540204295242114 1
0.4515491411297754 0.7719141824161571 0
-0.1323787538132578 0.9808353271521271 0
2.0077583757254778 0.48982485803133635 1
1.5501814669027931 -0.3130668570772982 1
-0.40338531646850456 0.8834631986825556 0
0.8309995801559693 0.4267821343158308 0
1.7798186175982327 -0.08341507971399237 1
1.4790996168780093 -0.36776952014035175 1
-0.6708380038991171 0.8055179819849629 0
1.9128070140247468 -0.09233631400468456 1
-0.10649344415116926 1.0084658777389912 0
0.04541128415771521 0.1924695284692023 1
1.7710105925111945 -0.07106253187832239 1
0.038988448800988465 0.2579462536662878 1
0.7588779354114403 0.6482209518305572 0
0.8969009703662236 0.27568929838921336 0
0.19516438238699868 -0.0009061071988646224 1
-0.9728506412952991 0.14416674668225338 0
1.9395336572553643 0.17102949795763217 1
-0.9360330653963389 0.16918928793266716 0
-1.0603073030760526 0.24178992771651717 0
1.3761321984082848 -0.35489348798101383 1
0.2831469683376326 -0.33275668850987283 1
0.5926167266687157 0.9564584750514095 0
-0.9644478051659581 0.1454093505835174 0
0.08837921346897604 0.07716915304773121 1
0.8568248756566641 0.6663516102266376 0
0.9387499987874792 0.2944723856607825 0
0.8225503865909782 0.567556454253564 0
0.3216233446869736 -0.16475024117976078 1
0.8514167004678292 0.7152757200502255 0
-0.8874377266881021 0.50721021835544 0
0.9275005738152299 0.36909925251811787 0
0.03891525125965581 -0.005047545433346012 1
1.0486076716328627 0.1454310845187405 0
0.7937313085434688 -0.5132542578134204 1
0.08127322329178849 -0.18128582764670426 1
1.526954558271301 -0.3391746875748165 1
1.0841258419493687 -0.49248569817060184 1
1.4593037873156318 -0.43675120496526065 1
0.02676682527139839 0.9735071843037731 0
1.8289586836012228 0.046537294440606614 1
0.37583770538165295 0.9888156152065442 0
0.41065580337131424 -0.31803842109977976 1
0.13031680371573745 0.04149517187419864 1
0.049384531633986734 0.9384147857407761 0
0.057361523150847034 0.3442985662770821 1
-0.8893018323706473 0.41168708767286216 0
1.380411062018258 -0.44305629775098027 1
1.2193705531557346 -0.45945506193139724 1
-0.708611475063178 0.5292009069597492 0
0.9936719605713892 -0.47736920157007123 1
0.0457872352190145 0.4122341064218388 1
-1.035376724651296 0.21270403156246515 0
1.0846539759762017 -0.6000617886427853 1
0.3770977952985178 -0.3278058062211143 1
-0.7477811968697803 0.6640804163433169 0
1.9564618699493586 0.31867775236777035 1
1.7478828388363377 -0.06543272666095458 1
1.9245667991018764 0.12000545376907683 1
0.5950419043961656 0.7190700899994649 0
-0.8983090934295151 0.46299310299422397 0
1.2083550550885886 -0.41514308737473715 1
0.31765979944358036 -0.13765524059333034 1
0.32143757151431535 -0.19278551517792025 1
0.24312169724485438 0.979906074912016 0
0.739677716616688 -0.3731250424807129 1
-0.8848488426755398 0.3232161414583088 0
0.9387712273227377 0.13273158631915974 0
1.1235588270604073 -0.5459137535870605 1
0.23394193378333625 -0.07723058875027498 1
1.9498031561259912 0.27197371162994183 1
-0.03142476208176743 0.4067769329293094 1
1.8885352915818694 -0.06445696534014822 1
1.0623795767270432 -0.013419729694088573 0
0.8395714648101484 -0.5465937034219691 1
0.6189710700898975 0.8720312757483003 0
1.8965394184754665 0.46423941279701153 1
-0.919971317599138 0.4023714116364728 0
-0.13330624451161677 0.9868828243818433 0
0.018553329221239402 0.4543116652437791 1
-0.7345626238092375 0.6295379201779129 0
0.6434004149574711 -0.46544325572735873 1
-0.7331678385693692 0.6683278060622774 0
-0.6372509218877541 0.7894827043446686 0
-0.325295288947539 1.005202365074091 0
-0.8811856846877466 0.27402510123860024 0
-0.8236626397210284 0.545775398199147 0
0.48044959130253256 -0.40864002327705734 1
-0.5644928572068618 0.8837657244978906 0
0.5912875793405805 0.755897735727592 0
1.2114858688026897 -0.5097566624928185 1
-1.009287236957964 0.06143027689215278 0
0.05985765427584983 0.23097824999983788 1
1.9326729426078044 -0.005210361424298399 1
1.648180556312919 -0.2427813210496877 1
-0.30635877243137055 0.9077511278038892 0
1.5648038924931587 -0.4307754688195248 1
0.7487617430940515 -0.45695998651129816 1
1.8901150362743098 0.1489867556475518 1
-0.5602336618932144 0.9008146307079257 0
-0.6774234884123285 0.7285026809476446 0
1.55301952757846 -0.37139379408065065 1
1.2905733757870845 -0.5075694117695674 1
-0.4411055966658605 0.8835780899316021 0
-0.6748724816978988 0.6702747631441066 0
1.9919142931849452 0.1696964740915171 1
1.8762564165181512 0.07905332813324391 1
0.34015765526923153 0.9904178953564338 0
0.6755092303547658 0.7297376840765656 0
0.4261336739060405 0.849272216198824 0
0.3864754853181064 -0.28673621044420816 1
1.7471160377166046 -0.2546275662589276 1
0.3796150121740435 -0.18042899034349286 1
0.23366835254058727 -0.029217823328480306 1
1.2161075210282517 -0.5080095154163539 1
0.8126590836578715 0.5486472813476401 0
1.989783602808199 0.480479492563441 1
1.069619875595118 -0.5704166338549601 1
1.0594532368079677 0.23857802612106144 0
-0.91055412247944 0.5248322298265357 0
0.9796211487134756 0.003523158338759701 0
0.9470756654633273 0.4694544616504882 0
0.926889031882367 0.45397106942580884 0
0.6312550639336879 -0.4455453702890346 1
0.3388110473865364 0.8810631838751958 0
-0.803981451866713 0.6478359508041248 0
0.671545234568241 0.7710790896024422 0
-0.04052461184595722 1.1023971115699411 0
-0.06108198098015134 0.9755865806280293 0
-0.9421801643452867 0.3191163921193262 0
1.645066893257 -0.2945031652502386 1
1.39879084505213 -0.4359545665177579 1
1.949226865430185 0.3022656102728129 1
0.21373295733452627 1.0372564971527498 0
0.9590029121928183 0.2738532354227232 0
0.14816633184822162 -0.060105692688120285 1
0.9058025313093092 -0.5214408383757356 1
1.74392535507792 -0.19758731068148114 1
1.0008662631092005 -0.45038186570656763 1
2.0312775479642466 0.2462904550632196 1
1.4837267056530237 -0.3995648584318763 1
1.6574270193603247 -0.3362898764728887 1
0.4807452622718758 -0.40044175454196446 1
0.21647650113770114 1.032508451696458 0
-0.34643368006757375 0.9751711184366008 0
1.133393546664973 -0.45523431798262587 1
1.0310582735269247 -0.6354913491565689 1
1.3468447137359767 -0.5321546070260009 1
1.295157219037402 -0.44316606793837926 1
-0.21340122371218573 1.031984553357898 0
-0.3880782133142422 0.9336109811670023 0
0.0889908660946212 0.1300351340760189 1
0.9463582166333109 -0.019186351854402595 0
0.1478245236319401 1.0241173030628759 0
1.728283519970533 -0.14518100420134036 1
1.9413239342170148 0.15389727690268262 1
0.32023958749213177 0.9306858609882663 0
1.0397341339830495 -0.0017729636485026568 0
-0.09975392115107998 1.0170599993793392 0
0.0844322033128787 0.48067636815194525 1
0.23357835074143773 -0.19048432125521444 1
-0.98081192530368 0.31720960378735474 0
1.968096719561737 0.19170824220517335 1
-1.0447871130155753 0.12142514383213793 0
0.475895080009449 0.8044612884144302 0
0.31246924543584786 -0.2077484721082346 1
1.998962635805091 0.43901156597182744 1
-0.685334867067682 0.7346677559392398 0
0.7882685071713675 -0.4804057312202509 1
0.5518220652034395 0.8147430456597485 0
-0.8454216164333435 0.5592373173813961 0
1.9935248679920345 0.07829692966676188 1
0.6814530263990655 -0.45831699237276496 1
0.235716727326314 1.001564878987054 0
0.3088130792592358 1.0133261722582168 0
0.07655051984158112 0.18755736456144273 1
0.418428715995404 0.829995540956196 0
-0.5736727501501023 0.6966357131843255 0
-0.6305298558943323 0.7139677718807683 0
-0.01605102018720178 0.3564097026743017 1
0.9230708223984643 0.2609352460926482 0
0.913026503789704 -0.3971533516298138 1
1.1800376186454642 -0.4869876053870134 1
0.9929668199988494 -0.4673194390706796 1
2.0406810310355 0.36151097510772673 1
0.4344375742460915 -0.3399685611254014 1
-0.31284254581869886 0.9107494265394867 0
0.8840071683519224 0.4409056463094365 0
-0.6357381522303459 0.7893249950174724 0
0.7903641513074248 0.4449353033449249 0
-1.0517626999036227 0.017590449975275427 0
-0.5006505877053127 0.8807824434886148 0
0.8922954841975096 -0.4375640023877454 1
1.7030700343098326 -0.12570416051307948 1
-0.8828213565765777 0.48453860666869775 0
2.0393180253093965 0.40167707113116935 1
1.2642556856292513 -0.48383266958105875 1
0.7330234044557862 0.6298546264402454 0
0.2858791145261549 -0.07552820743203742 1
0.842526919424164 0.6739098922174197 0
0.49107260709091094 -0.3189804151346316 1
0.6204674061788582 0.7502816076260023 0
0.8670295467557259 0.5019058869869233 0
-0.946791227778843 0.10989170455115425 0
0.3608695075294738 0.8903720130600979 0
1.9201107956310517 0.27835308747657983 1
-0.8888601208758383 0.5061903347577725 0
0.008541763029697832 0.3228307089676358 1
-0.0016852833506515175 1.017217401685388 0
-0.7345359205874348 0.6410612623849318 0
0.8221134511705529 0.4984850736336045 0
0.21267111666768806 -0.19829451206693213 1
0.9732221875513797 0.16593152410211312 0
0.7080459570542846 0.8090824451669665 0
0.05034009381645529 1.092559570928761 0
-0.9837427661076891 0.06521219577258969 0
0.2663650471616844 -0.13182219981035112 1
1.9264860872283023 -0.07782960813435368 1
0.0779932371643725 0.9937508843846842 0
0.40238583638239345 0.86434121616566 0
0.6758017453599063 -0.33630038208762497 1
1.994360984807148 0.441398923416996 1
-0.9197365691386851 0.4062535439493527 0
0.532858245164828 0.8713867388102647 0
-0.2891217287658365 0.8972049427495494 0
0.04789977650796698 1.0665641592687118 0
1.3538163549479603 -0.4247113648069574 1
0.017899679134025542 0.1527841945157465 1
-0.9622895320926192 0.34115514496278315 0
-0.9982730579021477 0.26669266745280096 0
0.9461079233930144 0.320911618401171 0
0.3800974709805194 -0.07855692977310337 1
0.9071958989740658 0.5036072346560718 0
0.2971068716438096 0.908984428703116 0
0.7361388855449525 0.7619615987208715 0
-0.9230675041932547 0.4028203675899788 0
-0.1933738810636869 0.9307090718758023 0
1.686706452616257 -0.3226495247931365 1
0.951743721453776 0.2524354505092114 0
1.9235078601427453 0.1145867966308884 1
1.0361828657285514 0.1511450292139383 0
0.9016574472682838 0.5921567810174909 0
-0.04162836307685862 0.145177118945659 1
1.9616306200304203 0.07194237440003934 1
1.289671312316886 -0.4359323632100355 1
1.2747749880229136 -0.44114815533407914 1
0.5729983446983855 0.7041813882014778 0
0.9600770573535493 0.08626012653646681 0
0.3709075678390779 -0.2894464672414614 1
-0.930808861910064 0.19498951621174995 0
0.11318200755064353 0.04197617131027025 1
1.6533770345968004 -0.10214001869088113 1
0.0023223493709541086 0.5770476075978759 1
-0.10330007183258692 1.0215194872155762 0
-0.29204201170187116 0.8328723331743706 0
0.5989828840181172 -0.506250653879702 1
1.6957455218072461 -0.19842276598137845 1
0.29803880494696283 -0.10314920430683965 1
-0.53571017415326 0.8105254837848754 0
0.825570177290663 -0.4646246916234337 1
1.502214327069063 -0.3360255324777759 1
-0.5057422573673446 0.7163157266440239 0
0.4956396168723811 -0.387697357285653 1
1.3997193694557077 -0.36681424261465767 1
2.0230546334575936 0.47508616792922226 1
-0.19976519098421638 1.0220509952839845 0
0.05392882258114699 0.9974523209150179 0
